0;4;-4;99999.99999999999
1;4;-4;99999.99999999999
2;3;3;99999.99999999999
3;4;-4;99999.99999999999
4;3;3;99999.99999999999
5;3;3;99999.99999999999
6;4;-4;99999.99999999999
7;4;-5;0.9999900000999989
8;3;4;0.9999900000999989
9;4;-5;0.9999900000999989
10;3;4;0.9999900000999989
11;3;4;0.9999900000999989
12;4;-3;0.9999900000999989
13;3;1;0.49999750001249993
14;3;5;0.49999750001249993
15;4;-2;0.49999750001249993
16;4;-1;0.3333322222259259
17;2;4;0.24999937500156252
18;4;0;0.24999937500156252
19;4;1;0.19999960000080003
20;4;1;0.19999960000080003
21;2;2;0.16666638888935187
22;1;5;0.16666638888935187
23;4;2;0.16666638888935187
24;1;5;0.16666638888935187
25;2;2;0.16666638888935187
26;3;-3;0.16666638888935187
27;0;4;0.12499984375019532
28;3;-5;0.12499984375019532
29;3;-5;0.12499984375019532
30;5;-5;0.12499984375019532
31;1;2;0.11111098765445816
32;4;5;0.11111098765445816
33;5;-4;0.11111098765445816
34;0;3;0.11111098765445816
35;1;1;0.0999999000001
36;1;1;0.0999999000001
37;1;0;0.09090900826453795
38;2;-3;0.09090900826453795
39;1;-1;0.08333326388894677
40;0;0;0.08333326388894677
41;2;-5;0.07692301775152481
42;1;-2;0.07692301775152481
43;2;-5;0.07692301775152481
44;0;-2;0.0714285204081997
45;1;-3;0.0714285204081997
46;0;-2;0.0714285204081997
47;1;-5;0.06249996093752441
48;0;-5;0.058823494809708936
49;5;4;0.058823494809708936
;;;
0;4;-4;99999.99999999999
1;4;-4;99999.99999999999
2;3;3;99999.99999999999
3;4;-4;99999.99999999999
4;3;3;99999.99999999999
5;4;-4;99999.99999999999
6;4;-4;99999.99999999999
7;3;3;99999.99999999999
8;3;3;99999.99999999999
9;4;-4;99999.99999999999
10;4;-5;0.9999900000999989
11;4;-5;0.9999900000999989
12;3;2;0.9999900000999989
13;3;4;0.9999900000999989
14;4;-2;0.49999750001249993
15;4;-2;0.49999750001249993
16;3;1;0.49999750001249993
17;3;5;0.49999750001249993
18;4;-2;0.49999750001249993
19;4;-2;0.49999750001249993
20;4;-1;0.3333322222259259
21;4;-1;0.3333322222259259
22;3;-1;0.24999937500156252
23;2;3;0.19999960000080003
24;3;-2;0.19999960000080003
25;3;-3;0.16666638888935187
26;4;2;0.16666638888935187
27;1;5;0.16666638888935187
28;2;2;0.16666638888935187
29;3;-3;0.16666638888935187
30;4;2;0.16666638888935187
31;3;-3;0.16666638888935187
32;3;-4;0.14285693877580175
33;3;-4;0.14285693877580175
34;1;4;0.14285693877580175
35;4;4;0.12499984375019532
36;5;-5;0.12499984375019532
37;3;-5;0.12499984375019532
38;3;-5;0.12499984375019532
39;4;5;0.11111098765445816
40;1;2;0.11111098765445816
41;1;1;0.0999999000001
42;0;1;0.09090900826453795
43;2;-3;0.09090900826453795
44;0;0;0.08333326388894677
45;2;-4;0.08333326388894677
46;0;-2;0.0714285204081997
47;0;-3;0.06666662222225185
48;1;-5;0.06249996093752441
49;0;-5;0.058823494809708936
;;;
0;4;-4;99999.99999999999
1;4;-4;99999.99999999999
2;3;3;99999.99999999999
3;4;-4;99999.99999999999
4;3;3;99999.99999999999
5;3;3;99999.99999999999
6;4;-4;99999.99999999999
7;3;3;99999.99999999999
8;3;3;99999.99999999999
9;3;3;99999.99999999999
10;4;-4;99999.99999999999
11;3;2;0.9999900000999989
12;4;-5;0.9999900000999989
13;4;-5;0.9999900000999989
14;4;-5;0.9999900000999989
15;4;-3;0.9999900000999989
16;3;5;0.49999750001249993
17;3;5;0.49999750001249993
18;4;-2;0.49999750001249993
19;4;-2;0.49999750001249993
20;4;-2;0.49999750001249993
21;3;5;0.49999750001249993
22;3;0;0.3333322222259259
23;3;-1;0.24999937500156252
24;3;-2;0.19999960000080003
25;4;1;0.19999960000080003
26;2;3;0.19999960000080003
27;4;2;0.16666638888935187
28;0;5;0.14285693877580175
29;3;-4;0.14285693877580175
30;4;3;0.14285693877580175
31;4;3;0.14285693877580175
32;4;3;0.14285693877580175
33;4;4;0.12499984375019532
34;4;4;0.12499984375019532
35;1;3;0.12499984375019532
36;5;-5;0.12499984375019532
37;1;2;0.11111098765445816
38;2;-2;0.0999999000001
39;5;-2;0.09090900826453795
40;2;-4;0.08333326388894677
41;2;-4;0.08333326388894677
42;2;-5;0.07692301775152481
43;2;-5;0.07692301775152481
44;0;-2;0.0714285204081997
45;1;-3;0.0714285204081997
46;1;-5;0.06249996093752441
47;1;-5;0.06249996093752441
48;0;-4;0.06249996093752441
49;5;3;0.06249996093752441
;;;
0;4;-4;99999.99999999999
1;4;-4;99999.99999999999
2;3;3;99999.99999999999
3;4;-4;99999.99999999999
4;3;3;99999.99999999999
5;4;-4;99999.99999999999
6;4;-4;99999.99999999999
7;3;3;99999.99999999999
8;3;3;99999.99999999999
9;3;3;99999.99999999999
10;3;3;99999.99999999999
11;3;3;99999.99999999999
12;4;-4;99999.99999999999
13;3;3;99999.99999999999
14;3;3;99999.99999999999
15;4;-4;99999.99999999999
16;3;3;99999.99999999999
17;4;-5;0.9999900000999989
18;3;2;0.9999900000999989
19;4;-3;0.9999900000999989
20;4;-2;0.49999750001249993
21;3;5;0.49999750001249993
22;4;-2;0.49999750001249993
23;4;-2;0.49999750001249993
24;3;-1;0.24999937500156252
25;4;0;0.24999937500156252
26;3;-2;0.19999960000080003
27;3;-3;0.16666638888935187
28;2;2;0.16666638888935187
29;4;2;0.16666638888935187
30;3;-3;0.16666638888935187
31;4;3;0.14285693877580175
32;4;3;0.14285693877580175
33;3;-4;0.14285693877580175
34;1;3;0.12499984375019532
35;5;-5;0.12499984375019532
36;4;4;0.12499984375019532
37;3;-5;0.12499984375019532
38;1;3;0.12499984375019532
39;3;-5;0.12499984375019532
40;1;2;0.11111098765445816
41;5;-4;0.11111098765445816
42;1;1;0.0999999000001
43;5;0;0.07692301775152481
44;0;-1;0.07692301775152481
45;0;-1;0.07692301775152481
46;0;-2;0.0714285204081997
47;0;-2;0.0714285204081997
48;1;-4;0.06666662222225185
49;5;4;0.058823494809708936
;;;
0;4;-4;99999.99999999999
1;4;-4;99999.99999999999
2;3;3;99999.99999999999
3;4;-4;99999.99999999999
4;3;3;99999.99999999999
5;4;-4;99999.99999999999
6;3;3;99999.99999999999
7;3;3;99999.99999999999
8;3;3;99999.99999999999
9;3;3;99999.99999999999
10;3;3;99999.99999999999
11;4;-4;99999.99999999999
12;4;-4;99999.99999999999
13;3;3;99999.99999999999
14;4;-4;99999.99999999999
15;4;-5;0.9999900000999989
16;3;4;0.9999900000999989
17;4;-3;0.9999900000999989
18;4;-3;0.9999900000999989
19;3;4;0.9999900000999989
20;4;-2;0.49999750001249993
21;3;5;0.49999750001249993
22;3;0;0.3333322222259259
23;4;0;0.24999937500156252
24;4;0;0.24999937500156252
25;3;-1;0.24999937500156252
26;4;0;0.24999937500156252
27;3;-2;0.19999960000080003
28;3;-3;0.16666638888935187
29;4;3;0.14285693877580175
30;1;4;0.14285693877580175
31;4;3;0.14285693877580175
32;3;-4;0.14285693877580175
33;4;3;0.14285693877580175
34;4;3;0.14285693877580175
35;3;-5;0.12499984375019532
36;1;3;0.12499984375019532
37;0;3;0.11111098765445816
38;5;-4;0.11111098765445816
39;0;3;0.11111098765445816
40;1;2;0.11111098765445816
41;5;-3;0.0999999000001
42;5;-3;0.0999999000001
43;2;-5;0.07692301775152481
44;1;-4;0.06666662222225185
45;1;-4;0.06666662222225185
46;5;3;0.06249996093752441
47;5;3;0.06249996093752441
48;5;3;0.06249996093752441
49;5;5;0.055555524691375174
;;;
0;4;-4;99999.99999999999
1;4;-4;99999.99999999999
2;3;3;99999.99999999999
3;4;-4;99999.99999999999
4;3;3;99999.99999999999
5;3;3;99999.99999999999
6;4;-4;99999.99999999999
7;4;-4;99999.99999999999
8;3;3;99999.99999999999
9;4;-4;99999.99999999999
10;3;3;99999.99999999999
11;3;3;99999.99999999999
12;4;-4;99999.99999999999
13;3;3;99999.99999999999
14;3;3;99999.99999999999
15;4;-4;99999.99999999999
16;4;-4;99999.99999999999
17;4;-4;99999.99999999999
18;4;-3;0.9999900000999989
19;3;4;0.9999900000999989
20;4;-5;0.9999900000999989
21;4;-3;0.9999900000999989
22;4;-2;0.49999750001249993
23;3;0;0.3333322222259259
24;4;0;0.24999937500156252
25;4;0;0.24999937500156252
26;2;4;0.24999937500156252
27;4;0;0.24999937500156252
28;2;3;0.19999960000080003
29;4;3;0.14285693877580175
30;4;3;0.14285693877580175
31;3;-4;0.14285693877580175
32;3;-4;0.14285693877580175
33;3;-4;0.14285693877580175
34;3;-4;0.14285693877580175
35;4;3;0.14285693877580175
36;0;4;0.12499984375019532
37;1;0;0.09090900826453795
38;5;-2;0.09090900826453795
39;5;0;0.07692301775152481
40;5;0;0.07692301775152481
41;5;0;0.07692301775152481
42;1;-2;0.07692301775152481
43;5;1;0.0714285204081997
44;1;-3;0.0714285204081997
45;0;-2;0.0714285204081997
46;0;-3;0.06666662222225185
47;1;-4;0.06666662222225185
48;5;3;0.06249996093752441
49;1;-5;0.06249996093752441
;;;
0;4;-4;99999.99999999999
1;4;-4;99999.99999999999
2;3;3;99999.99999999999
3;4;-4;99999.99999999999
4;3;3;99999.99999999999
5;3;3;99999.99999999999
6;4;-4;99999.99999999999
7;4;-4;99999.99999999999
8;3;3;99999.99999999999
9;4;-4;99999.99999999999
10;4;-4;99999.99999999999
11;4;-4;99999.99999999999
12;3;3;99999.99999999999
13;4;-4;99999.99999999999
14;3;3;99999.99999999999
15;3;3;99999.99999999999
16;4;-4;99999.99999999999
17;4;-5;0.9999900000999989
18;3;5;0.49999750001249993
19;3;0;0.3333322222259259
20;4;-1;0.3333322222259259
21;3;-3;0.16666638888935187
22;3;-4;0.14285693877580175
23;3;-4;0.14285693877580175
24;2;1;0.14285693877580175
25;4;3;0.14285693877580175
26;2;1;0.14285693877580175
27;3;-4;0.14285693877580175
28;3;-4;0.14285693877580175
29;4;3;0.14285693877580175
30;4;3;0.14285693877580175
31;3;-4;0.14285693877580175
32;3;-4;0.14285693877580175
33;3;-4;0.14285693877580175
34;3;-4;0.14285693877580175
35;2;0;0.12499984375019532
36;1;2;0.11111098765445816
37;5;-4;0.11111098765445816
38;1;1;0.0999999000001
39;5;-3;0.0999999000001
40;0;2;0.0999999000001
41;1;0;0.09090900826453795
42;1;0;0.09090900826453795
43;2;-4;0.08333326388894677
44;2;-5;0.07692301775152481
45;1;-4;0.06666662222225185
46;1;-4;0.06666662222225185
47;5;3;0.06249996093752441
48;5;5;0.055555524691375174
49;5;5;0.055555524691375174
;;;
0;4;-4;99999.99999999999
1;4;-4;99999.99999999999
2;3;3;99999.99999999999
3;4;-4;99999.99999999999
4;3;3;99999.99999999999
5;4;-4;99999.99999999999
6;4;-4;99999.99999999999
7;4;-4;99999.99999999999
8;3;3;99999.99999999999
9;3;3;99999.99999999999
10;3;3;99999.99999999999
11;4;-4;99999.99999999999
12;4;-4;99999.99999999999
13;4;-4;99999.99999999999
14;3;3;99999.99999999999
15;4;-4;99999.99999999999
16;4;-4;99999.99999999999
17;4;-4;99999.99999999999
18;4;-4;99999.99999999999
19;4;-4;99999.99999999999
20;4;-5;0.9999900000999989
21;4;-5;0.9999900000999989
22;4;-5;0.9999900000999989
23;3;2;0.9999900000999989
24;3;5;0.49999750001249993
25;3;1;0.49999750001249993
26;3;5;0.49999750001249993
27;3;0;0.3333322222259259
28;4;-1;0.3333322222259259
29;3;0;0.3333322222259259
30;4;-1;0.3333322222259259
31;2;3;0.19999960000080003
32;2;3;0.19999960000080003
33;4;1;0.19999960000080003
34;3;-3;0.16666638888935187
35;1;5;0.16666638888935187
36;3;-3;0.16666638888935187
37;2;2;0.16666638888935187
38;4;3;0.14285693877580175
39;4;3;0.14285693877580175
40;3;-4;0.14285693877580175
41;3;-4;0.14285693877580175
42;3;-4;0.14285693877580175
43;3;-4;0.14285693877580175
44;4;4;0.12499984375019532
45;1;3;0.12499984375019532
46;1;3;0.12499984375019532
47;5;-4;0.11111098765445816
48;1;-3;0.0714285204081997
49;0;-4;0.06249996093752441
;;;
0;4;-4;99999.99999999999
1;4;-4;99999.99999999999
2;3;3;99999.99999999999
3;4;-4;99999.99999999999
4;3;3;99999.99999999999
5;4;-4;99999.99999999999
6;4;-4;99999.99999999999
7;4;-4;99999.99999999999
8;4;-4;99999.99999999999
9;3;3;99999.99999999999
10;3;3;99999.99999999999
11;4;-4;99999.99999999999
12;4;-4;99999.99999999999
13;4;-4;99999.99999999999
14;4;-4;99999.99999999999
15;4;-3;0.9999900000999989
16;4;-3;0.9999900000999989
17;3;2;0.9999900000999989
18;4;-3;0.9999900000999989
19;4;-5;0.9999900000999989
20;4;-2;0.49999750001249993
21;3;1;0.49999750001249993
22;3;0;0.3333322222259259
23;4;0;0.24999937500156252
24;4;0;0.24999937500156252
25;4;0;0.24999937500156252
26;2;3;0.19999960000080003
27;4;1;0.19999960000080003
28;4;2;0.16666638888935187
29;3;-4;0.14285693877580175
30;4;3;0.14285693877580175
31;4;3;0.14285693877580175
32;4;3;0.14285693877580175
33;4;3;0.14285693877580175
34;4;3;0.14285693877580175
35;3;-4;0.14285693877580175
36;4;3;0.14285693877580175
37;3;-4;0.14285693877580175
38;4;3;0.14285693877580175
39;4;3;0.14285693877580175
40;3;-5;0.12499984375019532
41;3;-5;0.12499984375019532
42;1;2;0.11111098765445816
43;2;-2;0.0999999000001
44;1;-1;0.08333326388894677
45;1;-3;0.0714285204081997
46;1;-4;0.06666662222225185
47;1;-5;0.06249996093752441
48;5;3;0.06249996093752441
49;0;-5;0.058823494809708936
;;;
0;4;-4;99999.99999999999
1;4;-4;99999.99999999999
2;3;3;99999.99999999999
3;4;-4;99999.99999999999
4;3;3;99999.99999999999
5;3;3;99999.99999999999
6;3;3;99999.99999999999
7;4;-4;99999.99999999999
8;3;3;99999.99999999999
9;4;-4;99999.99999999999
10;3;3;99999.99999999999
11;4;-4;99999.99999999999
12;4;-4;99999.99999999999
13;3;3;99999.99999999999
14;4;-4;99999.99999999999
15;4;-4;99999.99999999999
16;4;-4;99999.99999999999
17;3;3;99999.99999999999
18;4;-5;0.9999900000999989
19;4;-3;0.9999900000999989
20;4;-5;0.9999900000999989
21;4;-3;0.9999900000999989
22;4;-3;0.9999900000999989
23;4;-3;0.9999900000999989
24;4;-3;0.9999900000999989
25;3;5;0.49999750001249993
26;4;-1;0.3333322222259259
27;4;-1;0.3333322222259259
28;4;-1;0.3333322222259259
29;4;-1;0.3333322222259259
30;4;0;0.24999937500156252
31;3;-1;0.24999937500156252
32;3;-2;0.19999960000080003
33;3;-3;0.16666638888935187
34;4;3;0.14285693877580175
35;4;3;0.14285693877580175
36;4;3;0.14285693877580175
37;4;3;0.14285693877580175
38;1;3;0.12499984375019532
39;1;3;0.12499984375019532
40;4;4;0.12499984375019532
41;5;-4;0.11111098765445816
42;4;5;0.11111098765445816
43;1;1;0.0999999000001
44;0;1;0.09090900826453795
45;2;-3;0.09090900826453795
46;0;-1;0.07692301775152481
47;1;-4;0.06666662222225185
48;5;2;0.06666662222225185
49;0;-4;0.06249996093752441
;;;
0;4;-4;99999.99999999999
1;4;-4;99999.99999999999
2;3;3;99999.99999999999
3;4;-4;99999.99999999999
4;3;3;99999.99999999999
5;3;3;99999.99999999999
6;3;3;99999.99999999999
7;4;-4;99999.99999999999
8;4;-4;99999.99999999999
9;4;-4;99999.99999999999
10;3;3;99999.99999999999
11;3;3;99999.99999999999
12;3;3;99999.99999999999
13;3;3;99999.99999999999
14;4;-4;99999.99999999999
15;3;3;99999.99999999999
16;4;-3;0.9999900000999989
17;3;1;0.49999750001249993
18;4;-1;0.3333322222259259
19;3;0;0.3333322222259259
20;4;0;0.24999937500156252
21;4;1;0.19999960000080003
22;4;1;0.19999960000080003
23;4;1;0.19999960000080003
24;4;1;0.19999960000080003
25;4;2;0.16666638888935187
26;4;2;0.16666638888935187
27;4;2;0.16666638888935187
28;3;-3;0.16666638888935187
29;4;3;0.14285693877580175
30;3;-4;0.14285693877580175
31;4;3;0.14285693877580175
32;3;-4;0.14285693877580175
33;3;-4;0.14285693877580175
34;4;3;0.14285693877580175
35;3;-4;0.14285693877580175
36;4;3;0.14285693877580175
37;0;4;0.12499984375019532
38;2;0;0.12499984375019532
39;4;5;0.11111098765445816
40;0;3;0.11111098765445816
41;0;3;0.11111098765445816
42;0;3;0.11111098765445816
43;0;0;0.08333326388894677
44;2;-4;0.08333326388894677
45;1;-3;0.0714285204081997
46;1;-3;0.0714285204081997
47;0;-3;0.06666662222225185
48;5;3;0.06249996093752441
49;0;-5;0.058823494809708936
;;;
0;4;-4;99999.99999999999
1;4;-4;99999.99999999999
2;3;3;99999.99999999999
3;4;-4;99999.99999999999
4;3;3;99999.99999999999
5;4;-4;99999.99999999999
6;3;3;99999.99999999999
7;4;-4;99999.99999999999
8;4;-4;99999.99999999999
9;3;3;99999.99999999999
10;3;3;99999.99999999999
11;3;3;99999.99999999999
12;4;-4;99999.99999999999
13;4;-4;99999.99999999999
14;3;3;99999.99999999999
15;3;2;0.9999900000999989
16;4;-3;0.9999900000999989
17;4;-3;0.9999900000999989
18;3;4;0.9999900000999989
19;3;1;0.49999750001249993
20;3;5;0.49999750001249993
21;3;5;0.49999750001249993
22;3;5;0.49999750001249993
23;3;1;0.49999750001249993
24;3;1;0.49999750001249993
25;4;-2;0.49999750001249993
26;4;-1;0.3333322222259259
27;4;-1;0.3333322222259259
28;3;-1;0.24999937500156252
29;4;0;0.24999937500156252
30;4;2;0.16666638888935187
31;3;-4;0.14285693877580175
32;3;-4;0.14285693877580175
33;3;-4;0.14285693877580175
34;4;3;0.14285693877580175
35;4;3;0.14285693877580175
36;4;3;0.14285693877580175
37;4;3;0.14285693877580175
38;2;1;0.14285693877580175
39;4;3;0.14285693877580175
40;4;3;0.14285693877580175
41;4;3;0.14285693877580175
42;2;0;0.12499984375019532
43;4;5;0.11111098765445816
44;0;2;0.0999999000001
45;2;-3;0.09090900826453795
46;5;0;0.07692301775152481
47;0;-1;0.07692301775152481
48;5;0;0.07692301775152481
49;0;-3;0.06666662222225185
;;;
0;4;-4;99999.99999999999
1;4;-4;99999.99999999999
2;3;3;99999.99999999999
3;4;-4;99999.99999999999
4;3;3;99999.99999999999
5;4;-4;99999.99999999999
6;4;-4;99999.99999999999
7;3;3;99999.99999999999
8;4;-4;99999.99999999999
9;4;-4;99999.99999999999
10;4;-4;99999.99999999999
11;3;3;99999.99999999999
12;3;3;99999.99999999999
13;4;-4;99999.99999999999
14;4;-4;99999.99999999999
15;4;-4;99999.99999999999
16;4;-4;99999.99999999999
17;4;-4;99999.99999999999
18;4;-4;99999.99999999999
19;3;3;99999.99999999999
20;4;-4;99999.99999999999
21;4;-5;0.9999900000999989
22;4;-3;0.9999900000999989
23;3;4;0.9999900000999989
24;4;-3;0.9999900000999989
25;3;0;0.3333322222259259
26;4;0;0.24999937500156252
27;2;3;0.19999960000080003
28;4;1;0.19999960000080003
29;4;1;0.19999960000080003
30;3;-2;0.19999960000080003
31;4;1;0.19999960000080003
32;3;-3;0.16666638888935187
33;3;-4;0.14285693877580175
34;3;-4;0.14285693877580175
35;4;3;0.14285693877580175
36;4;3;0.14285693877580175
37;4;4;0.12499984375019532
38;4;4;0.12499984375019532
39;1;3;0.12499984375019532
40;1;2;0.11111098765445816
41;5;-4;0.11111098765445816
42;1;2;0.11111098765445816
43;2;-4;0.08333326388894677
44;2;-4;0.08333326388894677
45;0;-1;0.07692301775152481
46;1;-4;0.06666662222225185
47;1;-4;0.06666662222225185
48;0;-4;0.06249996093752441
49;0;-4;0.06249996093752441
;;;
0;4;-4;99999.99999999999
1;4;-4;99999.99999999999
2;3;3;99999.99999999999
3;4;-4;99999.99999999999
4;3;3;99999.99999999999
5;3;3;99999.99999999999
6;4;-4;99999.99999999999
7;4;-4;99999.99999999999
8;4;-4;99999.99999999999
9;4;-4;99999.99999999999
10;4;-4;99999.99999999999
11;4;-4;99999.99999999999
12;3;3;99999.99999999999
13;4;-4;99999.99999999999
14;4;-4;99999.99999999999
15;4;-4;99999.99999999999
16;3;3;99999.99999999999
17;3;3;99999.99999999999
18;4;-4;99999.99999999999
19;4;-4;99999.99999999999
20;4;-5;0.9999900000999989
21;3;2;0.9999900000999989
22;4;-3;0.9999900000999989
23;4;-5;0.9999900000999989
24;3;5;0.49999750001249993
25;3;0;0.3333322222259259
26;4;0;0.24999937500156252
27;3;-1;0.24999937500156252
28;4;0;0.24999937500156252
29;4;1;0.19999960000080003
30;3;-2;0.19999960000080003
31;2;2;0.16666638888935187
32;4;2;0.16666638888935187
33;4;2;0.16666638888935187
34;1;5;0.16666638888935187
35;3;-4;0.14285693877580175
36;4;3;0.14285693877580175
37;3;-4;0.14285693877580175
38;3;-4;0.14285693877580175
39;3;-4;0.14285693877580175
40;4;3;0.14285693877580175
41;0;4;0.12499984375019532
42;3;-5;0.12499984375019532
43;5;-4;0.11111098765445816
44;5;-4;0.11111098765445816
45;5;-4;0.11111098765445816
46;5;-4;0.11111098765445816
47;0;1;0.09090900826453795
48;2;-4;0.08333326388894677
49;5;3;0.06249996093752441
;;;
0;4;-4;99999.99999999999
1;4;-4;99999.99999999999
2;3;3;99999.99999999999
3;4;-4;99999.99999999999
4;3;3;99999.99999999999
5;4;-4;99999.99999999999
6;4;-4;99999.99999999999
7;4;-4;99999.99999999999
8;4;-4;99999.99999999999
9;3;3;99999.99999999999
10;3;3;99999.99999999999
11;3;3;99999.99999999999
12;4;-4;99999.99999999999
13;4;-4;99999.99999999999
14;4;-4;99999.99999999999
15;4;-4;99999.99999999999
16;4;-4;99999.99999999999
17;4;-4;99999.99999999999
18;3;2;0.9999900000999989
19;3;2;0.9999900000999989
20;3;4;0.9999900000999989
21;3;2;0.9999900000999989
22;4;-1;0.3333322222259259
23;4;-1;0.3333322222259259
24;4;0;0.24999937500156252
25;4;0;0.24999937500156252
26;4;1;0.19999960000080003
27;2;3;0.19999960000080003
28;3;-2;0.19999960000080003
29;4;1;0.19999960000080003
30;3;-2;0.19999960000080003
31;3;-4;0.14285693877580175
32;3;-4;0.14285693877580175
33;3;-4;0.14285693877580175
34;4;3;0.14285693877580175
35;3;-4;0.14285693877580175
36;4;3;0.14285693877580175
37;3;-5;0.12499984375019532
38;3;-5;0.12499984375019532
39;5;-4;0.11111098765445816
40;4;5;0.11111098765445816
41;4;5;0.11111098765445816
42;0;2;0.0999999000001
43;2;-4;0.08333326388894677
44;1;-1;0.08333326388894677
45;2;-5;0.07692301775152481
46;1;-4;0.06666662222225185
47;1;-4;0.06666662222225185
48;1;-4;0.06666662222225185
49;0;-4;0.06249996093752441
;;;
0;4;-4;99999.99999999999
1;4;-4;99999.99999999999
2;3;3;99999.99999999999
3;4;-4;99999.99999999999
4;3;3;99999.99999999999
5;3;3;99999.99999999999
6;3;3;99999.99999999999
7;4;-4;99999.99999999999
8;4;-4;99999.99999999999
9;3;3;99999.99999999999
10;4;-4;99999.99999999999
11;4;-4;99999.99999999999
12;4;-4;99999.99999999999
13;4;-4;99999.99999999999
14;4;-4;99999.99999999999
15;4;-4;99999.99999999999
16;4;-5;0.9999900000999989
17;3;2;0.9999900000999989
18;3;2;0.9999900000999989
19;3;2;0.9999900000999989
20;4;-3;0.9999900000999989
21;3;2;0.9999900000999989
22;4;-2;0.49999750001249993
23;4;-1;0.3333322222259259
24;4;-1;0.3333322222259259
25;4;0;0.24999937500156252
26;2;3;0.19999960000080003
27;3;-2;0.19999960000080003
28;3;-2;0.19999960000080003
29;2;3;0.19999960000080003
30;2;3;0.19999960000080003
31;3;-4;0.14285693877580175
32;3;-4;0.14285693877580175
33;4;3;0.14285693877580175
34;3;-4;0.14285693877580175
35;3;-4;0.14285693877580175
36;4;3;0.14285693877580175
37;4;3;0.14285693877580175
38;3;-4;0.14285693877580175
39;0;4;0.12499984375019532
40;4;4;0.12499984375019532
41;4;5;0.11111098765445816
42;0;3;0.11111098765445816
43;0;1;0.09090900826453795
44;2;-4;0.08333326388894677
45;2;-5;0.07692301775152481
46;1;-2;0.07692301775152481
47;5;1;0.0714285204081997
48;0;-4;0.06249996093752441
49;0;-4;0.06249996093752441
;;;
0;4;-4;99999.99999999999
1;4;-4;99999.99999999999
2;3;3;99999.99999999999
3;4;-4;99999.99999999999
4;3;3;99999.99999999999
5;3;3;99999.99999999999
6;4;-4;99999.99999999999
7;3;3;99999.99999999999
8;4;-4;99999.99999999999
9;4;-4;99999.99999999999
10;4;-4;99999.99999999999
11;3;3;99999.99999999999
12;3;3;99999.99999999999
13;4;-4;99999.99999999999
14;4;-4;99999.99999999999
15;3;3;99999.99999999999
16;4;-4;99999.99999999999
17;4;-4;99999.99999999999
18;4;-4;99999.99999999999
19;4;-3;0.9999900000999989
20;3;2;0.9999900000999989
21;4;-2;0.49999750001249993
22;4;-1;0.3333322222259259
23;2;5;0.3333322222259259
24;3;-1;0.24999937500156252
25;2;4;0.24999937500156252
26;4;0;0.24999937500156252
27;2;3;0.19999960000080003
28;4;2;0.16666638888935187
29;2;2;0.16666638888935187
30;4;2;0.16666638888935187
31;4;2;0.16666638888935187
32;3;-4;0.14285693877580175
33;4;3;0.14285693877580175
34;4;3;0.14285693877580175
35;3;-4;0.14285693877580175
36;3;-4;0.14285693877580175
37;4;3;0.14285693877580175
38;3;-4;0.14285693877580175
39;3;-4;0.14285693877580175
40;4;4;0.12499984375019532
41;3;-5;0.12499984375019532
42;0;3;0.11111098765445816
43;0;3;0.11111098765445816
44;4;5;0.11111098765445816
45;4;5;0.11111098765445816
46;2;-2;0.0999999000001
47;2;-4;0.08333326388894677
48;5;2;0.06666662222225185
49;5;3;0.06249996093752441
;;;
0;4;-4;99999.99999999999
1;4;-4;99999.99999999999
2;3;3;99999.99999999999
3;4;-4;99999.99999999999
4;3;3;99999.99999999999
5;4;-4;99999.99999999999
6;4;-4;99999.99999999999
7;3;3;99999.99999999999
8;3;3;99999.99999999999
9;4;-4;99999.99999999999
10;4;-4;99999.99999999999
11;4;-4;99999.99999999999
12;4;-4;99999.99999999999
13;4;-4;99999.99999999999
14;4;-4;99999.99999999999
15;4;-4;99999.99999999999
16;4;-4;99999.99999999999
17;4;-3;0.9999900000999989
18;3;4;0.9999900000999989
19;3;2;0.9999900000999989
20;3;5;0.49999750001249993
21;3;5;0.49999750001249993
22;3;0;0.3333322222259259
23;3;0;0.3333322222259259
24;4;-1;0.3333322222259259
25;4;0;0.24999937500156252
26;4;0;0.24999937500156252
27;2;3;0.19999960000080003
28;3;-2;0.19999960000080003
29;4;2;0.16666638888935187
30;4;2;0.16666638888935187
31;4;3;0.14285693877580175
32;4;3;0.14285693877580175
33;4;3;0.14285693877580175
34;4;3;0.14285693877580175
35;4;3;0.14285693877580175
36;3;-4;0.14285693877580175
37;4;3;0.14285693877580175
38;1;3;0.12499984375019532
39;1;3;0.12499984375019532
40;4;5;0.11111098765445816
41;5;-4;0.11111098765445816
42;1;2;0.11111098765445816
43;5;-4;0.11111098765445816
44;0;1;0.09090900826453795
45;5;-1;0.08333326388894677
46;2;-4;0.08333326388894677
47;0;-2;0.0714285204081997
48;0;-3;0.06666662222225185
49;5;3;0.06249996093752441
;;;
0;4;-4;99999.99999999999
1;4;-4;99999.99999999999
2;3;3;99999.99999999999
3;4;-4;99999.99999999999
4;3;3;99999.99999999999
5;4;-4;99999.99999999999
6;4;-4;99999.99999999999
7;4;-4;99999.99999999999
8;4;-4;99999.99999999999
9;4;-4;99999.99999999999
10;4;-4;99999.99999999999
11;4;-4;99999.99999999999
12;4;-4;99999.99999999999
13;4;-4;99999.99999999999
14;3;3;99999.99999999999
15;3;3;99999.99999999999
16;3;3;99999.99999999999
17;3;3;99999.99999999999
18;4;-4;99999.99999999999
19;4;-4;99999.99999999999
20;4;-4;99999.99999999999
21;4;-4;99999.99999999999
22;4;-4;99999.99999999999
23;4;-5;0.9999900000999989
24;4;-5;0.9999900000999989
25;4;-3;0.9999900000999989
26;4;-3;0.9999900000999989
27;4;-3;0.9999900000999989
28;4;-2;0.49999750001249993
29;2;4;0.24999937500156252
30;4;0;0.24999937500156252
31;2;3;0.19999960000080003
32;2;3;0.19999960000080003
33;2;3;0.19999960000080003
34;3;-4;0.14285693877580175
35;3;-4;0.14285693877580175
36;0;4;0.12499984375019532
37;2;0;0.12499984375019532
38;4;4;0.12499984375019532
39;4;4;0.12499984375019532
40;5;-4;0.11111098765445816
41;4;5;0.11111098765445816
42;5;-2;0.09090900826453795
43;2;-4;0.08333326388894677
44;2;-4;0.08333326388894677
45;5;0;0.07692301775152481
46;0;-3;0.06666662222225185
47;1;-4;0.06666662222225185
48;5;3;0.06249996093752441
49;0;-4;0.06249996093752441
;;;
0;4;-4;99999.99999999999
1;4;-4;99999.99999999999
2;3;3;99999.99999999999
3;4;-4;99999.99999999999
4;3;3;99999.99999999999
5;4;-4;99999.99999999999
6;4;-4;99999.99999999999
7;4;-4;99999.99999999999
8;3;3;99999.99999999999
9;3;3;99999.99999999999
10;4;-4;99999.99999999999
11;3;3;99999.99999999999
12;3;3;99999.99999999999
13;4;-4;99999.99999999999
14;4;-4;99999.99999999999
15;4;-4;99999.99999999999
16;4;-4;99999.99999999999
17;3;3;99999.99999999999
18;4;-4;99999.99999999999
19;4;-4;99999.99999999999
20;4;-4;99999.99999999999
21;4;-4;99999.99999999999
22;3;4;0.9999900000999989
23;4;-3;0.9999900000999989
24;4;-5;0.9999900000999989
25;3;-1;0.24999937500156252
26;4;1;0.19999960000080003
27;3;-2;0.19999960000080003
28;4;2;0.16666638888935187
29;4;2;0.16666638888935187
30;1;5;0.16666638888935187
31;3;-4;0.14285693877580175
32;4;3;0.14285693877580175
33;3;-4;0.14285693877580175
34;4;3;0.14285693877580175
35;4;3;0.14285693877580175
36;1;3;0.12499984375019532
37;3;-5;0.12499984375019532
38;4;5;0.11111098765445816
39;5;-4;0.11111098765445816
40;4;5;0.11111098765445816
41;4;5;0.11111098765445816
42;5;-2;0.09090900826453795
43;2;-3;0.09090900826453795
44;1;-2;0.07692301775152481
45;5;0;0.07692301775152481
46;0;-4;0.06249996093752441
47;5;3;0.06249996093752441
48;0;-4;0.06249996093752441
49;5;3;0.06249996093752441
;;;
0;4;-4;99999.99999999999
1;4;-4;99999.99999999999
2;3;3;99999.99999999999
3;4;-4;99999.99999999999
4;3;3;99999.99999999999
5;4;-4;99999.99999999999
6;4;-4;99999.99999999999
7;4;-4;99999.99999999999
8;4;-4;99999.99999999999
9;3;3;99999.99999999999
10;3;3;99999.99999999999
11;3;3;99999.99999999999
12;3;3;99999.99999999999
13;4;-4;99999.99999999999
14;3;3;99999.99999999999
15;3;3;99999.99999999999
16;3;3;99999.99999999999
17;3;2;0.9999900000999989
18;4;-5;0.9999900000999989
19;3;2;0.9999900000999989
20;4;-5;0.9999900000999989
21;4;-2;0.49999750001249993
22;4;-2;0.49999750001249993
23;4;-1;0.3333322222259259
24;2;5;0.3333322222259259
25;3;-2;0.19999960000080003
26;2;3;0.19999960000080003
27;4;2;0.16666638888935187
28;4;2;0.16666638888935187
29;3;-3;0.16666638888935187
30;1;5;0.16666638888935187
31;3;-4;0.14285693877580175
32;3;-4;0.14285693877580175
33;3;-4;0.14285693877580175
34;3;-4;0.14285693877580175
35;3;-4;0.14285693877580175
36;3;-4;0.14285693877580175
37;4;3;0.14285693877580175
38;4;3;0.14285693877580175
39;1;3;0.12499984375019532
40;0;3;0.11111098765445816
41;0;3;0.11111098765445816
42;0;3;0.11111098765445816
43;5;-2;0.09090900826453795
44;5;-2;0.09090900826453795
45;5;1;0.0714285204081997
46;1;-4;0.06666662222225185
47;0;-3;0.06666662222225185
48;0;-4;0.06249996093752441
49;5;4;0.058823494809708936
;;;
0;4;-4;99999.99999999999
1;4;-4;99999.99999999999
2;3;3;99999.99999999999
3;4;-4;99999.99999999999
4;3;3;99999.99999999999
5;4;-4;99999.99999999999
6;3;3;99999.99999999999
7;4;-4;99999.99999999999
8;4;-4;99999.99999999999
9;3;3;99999.99999999999
10;4;-4;99999.99999999999
11;3;3;99999.99999999999
12;4;-4;99999.99999999999
13;4;-4;99999.99999999999
14;4;-4;99999.99999999999
15;4;-4;99999.99999999999
16;3;3;99999.99999999999
17;4;-4;99999.99999999999
18;4;-4;99999.99999999999
19;4;-5;0.9999900000999989
20;4;-5;0.9999900000999989
21;3;5;0.49999750001249993
22;3;1;0.49999750001249993
23;3;1;0.49999750001249993
24;3;5;0.49999750001249993
25;4;-1;0.3333322222259259
26;3;-2;0.19999960000080003
27;2;3;0.19999960000080003
28;2;3;0.19999960000080003
29;4;2;0.16666638888935187
30;4;3;0.14285693877580175
31;4;3;0.14285693877580175
32;4;3;0.14285693877580175
33;3;-4;0.14285693877580175
34;0;5;0.14285693877580175
35;4;3;0.14285693877580175
36;4;3;0.14285693877580175
37;1;3;0.12499984375019532
38;1;3;0.12499984375019532
39;1;3;0.12499984375019532
40;4;4;0.12499984375019532
41;4;4;0.12499984375019532
42;0;2;0.0999999000001
43;0;1;0.09090900826453795
44;0;-2;0.0714285204081997
45;1;-4;0.06666662222225185
46;5;3;0.06249996093752441
47;5;3;0.06249996093752441
48;0;-4;0.06249996093752441
49;5;3;0.06249996093752441
;;;
0;4;-4;99999.99999999999
1;4;-4;99999.99999999999
2;3;3;99999.99999999999
3;4;-4;99999.99999999999
4;3;3;99999.99999999999
5;3;3;99999.99999999999
6;4;-4;99999.99999999999
7;4;-4;99999.99999999999
8;4;-4;99999.99999999999
9;3;3;99999.99999999999
10;4;-4;99999.99999999999
11;3;3;99999.99999999999
12;3;3;99999.99999999999
13;4;-4;99999.99999999999
14;3;3;99999.99999999999
15;4;-4;99999.99999999999
16;4;-4;99999.99999999999
17;4;-4;99999.99999999999
18;3;3;99999.99999999999
19;3;3;99999.99999999999
20;4;-4;99999.99999999999
21;3;2;0.9999900000999989
22;3;4;0.9999900000999989
23;4;-3;0.9999900000999989
24;4;-5;0.9999900000999989
25;4;-2;0.49999750001249993
26;3;0;0.3333322222259259
27;3;-2;0.19999960000080003
28;4;1;0.19999960000080003
29;2;2;0.16666638888935187
30;4;3;0.14285693877580175
31;4;3;0.14285693877580175
32;4;3;0.14285693877580175
33;3;-4;0.14285693877580175
34;4;3;0.14285693877580175
35;4;3;0.14285693877580175
36;1;4;0.14285693877580175
37;5;-5;0.12499984375019532
38;0;4;0.12499984375019532
39;1;3;0.12499984375019532
40;5;-4;0.11111098765445816
41;4;5;0.11111098765445816
42;5;-4;0.11111098765445816
43;5;-4;0.11111098765445816
44;2;-2;0.0999999000001
45;2;-4;0.08333326388894677
46;1;-4;0.06666662222225185
47;5;3;0.06249996093752441
48;0;-4;0.06249996093752441
49;0;-4;0.06249996093752441
;;;
0;4;-4;99999.99999999999
1;4;-4;99999.99999999999
2;3;3;99999.99999999999
3;4;-4;99999.99999999999
4;3;3;99999.99999999999
5;4;-4;99999.99999999999
6;4;-4;99999.99999999999
7;4;-4;99999.99999999999
8;4;-4;99999.99999999999
9;3;3;99999.99999999999
10;3;3;99999.99999999999
11;3;3;99999.99999999999
12;3;3;99999.99999999999
13;4;-4;99999.99999999999
14;4;-4;99999.99999999999
15;3;3;99999.99999999999
16;4;-4;99999.99999999999
17;4;-4;99999.99999999999
18;3;3;99999.99999999999
19;4;-4;99999.99999999999
20;4;-4;99999.99999999999
21;3;2;0.9999900000999989
22;3;4;0.9999900000999989
23;3;4;0.9999900000999989
24;3;2;0.9999900000999989
25;3;2;0.9999900000999989
26;4;-3;0.9999900000999989
27;3;5;0.49999750001249993
28;2;4;0.24999937500156252
29;4;1;0.19999960000080003
30;4;2;0.16666638888935187
31;4;2;0.16666638888935187
32;4;3;0.14285693877580175
33;4;3;0.14285693877580175
34;5;-5;0.12499984375019532
35;1;3;0.12499984375019532
36;1;3;0.12499984375019532
37;1;3;0.12499984375019532
38;4;4;0.12499984375019532
39;5;-4;0.11111098765445816
40;0;3;0.11111098765445816
41;4;5;0.11111098765445816
42;0;-2;0.0714285204081997
43;1;-3;0.0714285204081997
44;1;-4;0.06666662222225185
45;0;-3;0.06666662222225185
46;0;-4;0.06249996093752441
47;0;-4;0.06249996093752441
48;5;3;0.06249996093752441
49;0;-5;0.058823494809708936
;;;
0;4;-4;99999.99999999999
1;4;-4;99999.99999999999
2;3;3;99999.99999999999
3;4;-4;99999.99999999999
4;3;3;99999.99999999999
5;3;3;99999.99999999999
6;4;-4;99999.99999999999
7;3;3;99999.99999999999
8;4;-4;99999.99999999999
9;4;-4;99999.99999999999
10;4;-4;99999.99999999999
11;3;3;99999.99999999999
12;3;3;99999.99999999999
13;4;-4;99999.99999999999
14;4;-4;99999.99999999999
15;3;3;99999.99999999999
16;4;-4;99999.99999999999
17;3;3;99999.99999999999
18;3;3;99999.99999999999
19;4;-4;99999.99999999999
20;4;-4;99999.99999999999
21;3;3;99999.99999999999
22;3;2;0.9999900000999989
23;4;-3;0.9999900000999989
24;3;4;0.9999900000999989
25;4;-2;0.49999750001249993
26;4;-2;0.49999750001249993
27;3;1;0.49999750001249993
28;4;-2;0.49999750001249993
29;4;-1;0.3333322222259259
30;4;-1;0.3333322222259259
31;2;3;0.19999960000080003
32;4;2;0.16666638888935187
33;3;-3;0.16666638888935187
34;2;2;0.16666638888935187
35;3;-4;0.14285693877580175
36;3;-4;0.14285693877580175
37;1;4;0.14285693877580175
38;0;5;0.14285693877580175
39;3;-4;0.14285693877580175
40;4;3;0.14285693877580175
41;3;-4;0.14285693877580175
42;3;-5;0.12499984375019532
43;5;-4;0.11111098765445816
44;4;5;0.11111098765445816
45;1;2;0.11111098765445816
46;2;-4;0.08333326388894677
47;2;-4;0.08333326388894677
48;1;-4;0.06666662222225185
49;5;2;0.06666662222225185
;;;
0;4;-4;99999.99999999999
1;4;-4;99999.99999999999
2;3;3;99999.99999999999
3;4;-4;99999.99999999999
4;3;3;99999.99999999999
5;4;-4;99999.99999999999
6;3;3;99999.99999999999
7;4;-4;99999.99999999999
8;4;-4;99999.99999999999
9;4;-4;99999.99999999999
10;4;-4;99999.99999999999
11;4;-4;99999.99999999999
12;4;-4;99999.99999999999
13;3;3;99999.99999999999
14;4;-4;99999.99999999999
15;3;3;99999.99999999999
16;3;3;99999.99999999999
17;3;3;99999.99999999999
18;3;2;0.9999900000999989
19;3;2;0.9999900000999989
20;3;4;0.9999900000999989
21;3;2;0.9999900000999989
22;3;2;0.9999900000999989
23;4;-5;0.9999900000999989
24;3;1;0.49999750001249993
25;3;0;0.3333322222259259
26;4;-1;0.3333322222259259
27;3;-2;0.19999960000080003
28;2;3;0.19999960000080003
29;3;-3;0.16666638888935187
30;3;-3;0.16666638888935187
31;4;2;0.16666638888935187
32;4;2;0.16666638888935187
33;4;2;0.16666638888935187
34;3;-4;0.14285693877580175
35;3;-4;0.14285693877580175
36;4;3;0.14285693877580175
37;4;3;0.14285693877580175
38;4;3;0.14285693877580175
39;4;3;0.14285693877580175
40;3;-5;0.12499984375019532
41;2;-1;0.11111098765445816
42;1;2;0.11111098765445816
43;0;2;0.0999999000001
44;2;-3;0.09090900826453795
45;2;-4;0.08333326388894677
46;5;0;0.07692301775152481
47;1;-4;0.06666662222225185
48;1;-4;0.06666662222225185
49;0;-4;0.06249996093752441
;;;
0;4;-4;99999.99999999999
1;4;-4;99999.99999999999
2;3;3;99999.99999999999
3;4;-4;99999.99999999999
4;3;3;99999.99999999999
5;3;3;99999.99999999999
6;4;-4;99999.99999999999
7;3;3;99999.99999999999
8;3;3;99999.99999999999
9;4;-4;99999.99999999999
10;4;-4;99999.99999999999
11;4;-4;99999.99999999999
12;4;-4;99999.99999999999
13;4;-4;99999.99999999999
14;3;3;99999.99999999999
15;4;-4;99999.99999999999
16;3;3;99999.99999999999
17;3;3;99999.99999999999
18;3;3;99999.99999999999
19;3;3;99999.99999999999
20;4;-4;99999.99999999999
21;4;-3;0.9999900000999989
22;4;-5;0.9999900000999989
23;3;2;0.9999900000999989
24;4;-3;0.9999900000999989
25;4;-2;0.49999750001249993
26;4;-1;0.3333322222259259
27;4;-1;0.3333322222259259
28;4;2;0.16666638888935187
29;2;2;0.16666638888935187
30;4;2;0.16666638888935187
31;4;2;0.16666638888935187
32;4;3;0.14285693877580175
33;3;-4;0.14285693877580175
34;3;-4;0.14285693877580175
35;3;-4;0.14285693877580175
36;3;-4;0.14285693877580175
37;4;3;0.14285693877580175
38;1;3;0.12499984375019532
39;5;-4;0.11111098765445816
40;0;3;0.11111098765445816
41;0;3;0.11111098765445816
42;5;-4;0.11111098765445816
43;5;-3;0.0999999000001
44;2;-3;0.09090900826453795
45;2;-4;0.08333326388894677
46;2;-5;0.07692301775152481
47;0;-4;0.06249996093752441
48;1;-5;0.06249996093752441
49;0;-5;0.058823494809708936
;;;
0;4;-4;99999.99999999999
1;4;-4;99999.99999999999
2;3;3;99999.99999999999
3;4;-4;99999.99999999999
4;3;3;99999.99999999999
5;4;-4;99999.99999999999
6;4;-4;99999.99999999999
7;3;3;99999.99999999999
8;4;-4;99999.99999999999
9;3;3;99999.99999999999
10;3;3;99999.99999999999
11;4;-4;99999.99999999999
12;3;3;99999.99999999999
13;4;-4;99999.99999999999
14;3;3;99999.99999999999
15;4;-4;99999.99999999999
16;3;3;99999.99999999999
17;3;3;99999.99999999999
18;3;2;0.9999900000999989
19;3;4;0.9999900000999989
20;4;-3;0.9999900000999989
21;3;1;0.49999750001249993
22;4;-1;0.3333322222259259
23;4;0;0.24999937500156252
24;4;1;0.19999960000080003
25;4;1;0.19999960000080003
26;3;-3;0.16666638888935187
27;4;2;0.16666638888935187
28;4;2;0.16666638888935187
29;4;2;0.16666638888935187
30;2;2;0.16666638888935187
31;3;-4;0.14285693877580175
32;3;-4;0.14285693877580175
33;3;-4;0.14285693877580175
34;3;-4;0.14285693877580175
35;4;3;0.14285693877580175
36;4;3;0.14285693877580175
37;3;-4;0.14285693877580175
38;3;-4;0.14285693877580175
39;3;-4;0.14285693877580175
40;1;3;0.12499984375019532
41;4;4;0.12499984375019532
42;4;5;0.11111098765445816
43;0;3;0.11111098765445816
44;1;1;0.0999999000001
45;2;-4;0.08333326388894677
46;0;-1;0.07692301775152481
47;5;2;0.06666662222225185
48;1;-4;0.06666662222225185
49;0;-5;0.058823494809708936
;;;
0;4;-4;99999.99999999999
1;4;-4;99999.99999999999
2;3;3;99999.99999999999
3;4;-4;99999.99999999999
4;3;3;99999.99999999999
5;4;-4;99999.99999999999
6;3;3;99999.99999999999
7;4;-4;99999.99999999999
8;4;-4;99999.99999999999
9;3;3;99999.99999999999
10;4;-4;99999.99999999999
11;4;-4;99999.99999999999
12;4;-4;99999.99999999999
13;4;-4;99999.99999999999
14;4;-4;99999.99999999999
15;3;3;99999.99999999999
16;3;3;99999.99999999999
17;4;-4;99999.99999999999
18;4;-4;99999.99999999999
19;3;4;0.9999900000999989
20;4;-3;0.9999900000999989
21;3;2;0.9999900000999989
22;4;-1;0.3333322222259259
23;4;0;0.24999937500156252
24;4;0;0.24999937500156252
25;2;4;0.24999937500156252
26;3;-2;0.19999960000080003
27;3;-2;0.19999960000080003
28;2;3;0.19999960000080003
29;2;3;0.19999960000080003
30;4;2;0.16666638888935187
31;4;2;0.16666638888935187
32;4;2;0.16666638888935187
33;4;2;0.16666638888935187
34;4;3;0.14285693877580175
35;3;-4;0.14285693877580175
36;4;3;0.14285693877580175
37;3;-4;0.14285693877580175
38;4;3;0.14285693877580175
39;0;5;0.14285693877580175
40;3;-5;0.12499984375019532
41;1;3;0.12499984375019532
42;0;3;0.11111098765445816
43;5;-2;0.09090900826453795
44;5;-1;0.08333326388894677
45;1;-3;0.0714285204081997
46;1;-3;0.0714285204081997
47;1;-4;0.06666662222225185
48;0;-4;0.06249996093752441
49;5;4;0.058823494809708936
;;;
0;4;-4;99999.99999999999
1;4;-4;99999.99999999999
2;3;3;99999.99999999999
3;4;-4;99999.99999999999
4;3;3;99999.99999999999
5;4;-4;99999.99999999999
6;4;-4;99999.99999999999
7;4;-4;99999.99999999999
8;4;-4;99999.99999999999
9;4;-4;99999.99999999999
10;3;3;99999.99999999999
11;4;-4;99999.99999999999
12;4;-4;99999.99999999999
13;3;3;99999.99999999999
14;4;-4;99999.99999999999
15;4;-4;99999.99999999999
16;3;3;99999.99999999999
17;4;-4;99999.99999999999
18;3;2;0.9999900000999989
19;3;2;0.9999900000999989
20;4;-5;0.9999900000999989
21;4;-5;0.9999900000999989
22;4;-2;0.49999750001249993
23;4;-1;0.3333322222259259
24;2;5;0.3333322222259259
25;4;0;0.24999937500156252
26;4;1;0.19999960000080003
27;4;1;0.19999960000080003
28;4;1;0.19999960000080003
29;4;1;0.19999960000080003
30;4;2;0.16666638888935187
31;4;3;0.14285693877580175
32;4;3;0.14285693877580175
33;4;3;0.14285693877580175
34;4;3;0.14285693877580175
35;4;3;0.14285693877580175
36;4;3;0.14285693877580175
37;3;-4;0.14285693877580175
38;4;4;0.12499984375019532
39;2;0;0.12499984375019532
40;4;4;0.12499984375019532
41;5;-2;0.09090900826453795
42;2;-4;0.08333326388894677
43;2;-4;0.08333326388894677
44;1;-2;0.07692301775152481
45;2;-5;0.07692301775152481
46;5;2;0.06666662222225185
47;0;-5;0.058823494809708936
48;5;4;0.058823494809708936
49;5;4;0.058823494809708936
;;;
0;4;-4;99999.99999999999
1;4;-4;99999.99999999999
2;3;3;99999.99999999999
3;4;-4;99999.99999999999
4;3;3;99999.99999999999
5;4;-4;99999.99999999999
6;4;-4;99999.99999999999
7;4;-4;99999.99999999999
8;4;-4;99999.99999999999
9;4;-4;99999.99999999999
10;4;-4;99999.99999999999
11;4;-4;99999.99999999999
12;3;3;99999.99999999999
13;3;3;99999.99999999999
14;4;-4;99999.99999999999
15;4;-4;99999.99999999999
16;4;-4;99999.99999999999
17;4;-4;99999.99999999999
18;4;-4;99999.99999999999
19;3;3;99999.99999999999
20;4;-3;0.9999900000999989
21;3;4;0.9999900000999989
22;3;2;0.9999900000999989
23;4;-3;0.9999900000999989
24;3;4;0.9999900000999989
25;4;-5;0.9999900000999989
26;4;-2;0.49999750001249993
27;4;-2;0.49999750001249993
28;2;5;0.3333322222259259
29;2;4;0.24999937500156252
30;4;0;0.24999937500156252
31;2;3;0.19999960000080003
32;2;1;0.14285693877580175
33;3;-4;0.14285693877580175
34;2;1;0.14285693877580175
35;3;-4;0.14285693877580175
36;4;3;0.14285693877580175
37;3;-4;0.14285693877580175
38;3;-4;0.14285693877580175
39;5;-5;0.12499984375019532
40;4;4;0.12499984375019532
41;0;3;0.11111098765445816
42;5;-4;0.11111098765445816
43;2;-2;0.0999999000001
44;2;-4;0.08333326388894677
45;5;-1;0.08333326388894677
46;0;0;0.08333326388894677
47;0;-1;0.07692301775152481
48;0;-4;0.06249996093752441
49;5;3;0.06249996093752441
;;;
0;4;-4;99999.99999999999
1;4;-4;99999.99999999999
2;3;3;99999.99999999999
3;4;-4;99999.99999999999
4;3;3;99999.99999999999
5;3;3;99999.99999999999
6;4;-4;99999.99999999999
7;4;-4;99999.99999999999
8;4;-4;99999.99999999999
9;4;-4;99999.99999999999
10;4;-4;99999.99999999999
11;4;-4;99999.99999999999
12;3;3;99999.99999999999
13;4;-4;99999.99999999999
14;4;-4;99999.99999999999
15;3;3;99999.99999999999
16;4;-4;99999.99999999999
17;4;-4;99999.99999999999
18;4;-4;99999.99999999999
19;4;-4;99999.99999999999
20;3;2;0.9999900000999989
21;4;-5;0.9999900000999989
22;3;4;0.9999900000999989
23;4;-3;0.9999900000999989
24;3;4;0.9999900000999989
25;3;2;0.9999900000999989
26;3;1;0.49999750001249993
27;4;-2;0.49999750001249993
28;3;1;0.49999750001249993
29;3;0;0.3333322222259259
30;4;-1;0.3333322222259259
31;3;-1;0.24999937500156252
32;4;1;0.19999960000080003
33;3;-4;0.14285693877580175
34;4;3;0.14285693877580175
35;3;-4;0.14285693877580175
36;3;-4;0.14285693877580175
37;3;-4;0.14285693877580175
38;4;4;0.12499984375019532
39;1;3;0.12499984375019532
40;0;4;0.12499984375019532
41;4;4;0.12499984375019532
42;1;3;0.12499984375019532
43;2;-4;0.08333326388894677
44;2;-5;0.07692301775152481
45;1;-2;0.07692301775152481
46;1;-4;0.06666662222225185
47;5;3;0.06249996093752441
48;0;-4;0.06249996093752441
49;0;-4;0.06249996093752441
;;;
0;4;-4;99999.99999999999
1;4;-4;99999.99999999999
2;3;3;99999.99999999999
3;4;-4;99999.99999999999
4;3;3;99999.99999999999
5;4;-4;99999.99999999999
6;3;3;99999.99999999999
7;3;3;99999.99999999999
8;3;3;99999.99999999999
9;4;-4;99999.99999999999
10;4;-4;99999.99999999999
11;4;-4;99999.99999999999
12;4;-4;99999.99999999999
13;4;-4;99999.99999999999
14;3;3;99999.99999999999
15;4;-4;99999.99999999999
16;4;-4;99999.99999999999
17;4;-4;99999.99999999999
18;3;3;99999.99999999999
19;4;-4;99999.99999999999
20;4;-4;99999.99999999999
21;3;4;0.9999900000999989
22;4;-5;0.9999900000999989
23;3;5;0.49999750001249993
24;4;-1;0.3333322222259259
25;4;0;0.24999937500156252
26;3;-1;0.24999937500156252
27;3;-1;0.24999937500156252
28;4;0;0.24999937500156252
29;4;2;0.16666638888935187
30;3;-3;0.16666638888935187
31;4;2;0.16666638888935187
32;3;-3;0.16666638888935187
33;3;-4;0.14285693877580175
34;3;-4;0.14285693877580175
35;3;-4;0.14285693877580175
36;1;4;0.14285693877580175
37;3;-4;0.14285693877580175
38;3;-4;0.14285693877580175
39;5;-4;0.11111098765445816
40;5;-4;0.11111098765445816
41;5;-4;0.11111098765445816
42;0;3;0.11111098765445816
43;4;5;0.11111098765445816
44;2;-4;0.08333326388894677
45;2;-4;0.08333326388894677
46;1;-4;0.06666662222225185
47;1;-4;0.06666662222225185
48;0;-5;0.058823494809708936
49;5;5;0.055555524691375174
;;;
0;4;-4;99999.99999999999
1;4;-4;99999.99999999999
2;3;3;99999.99999999999
3;4;-4;99999.99999999999
4;3;3;99999.99999999999
5;3;3;99999.99999999999
6;4;-4;99999.99999999999
7;3;3;99999.99999999999
8;3;3;99999.99999999999
9;4;-4;99999.99999999999
10;4;-4;99999.99999999999
11;4;-4;99999.99999999999
12;3;3;99999.99999999999
13;3;3;99999.99999999999
14;4;-4;99999.99999999999
15;4;-4;99999.99999999999
16;4;-4;99999.99999999999
17;3;3;99999.99999999999
18;4;-4;99999.99999999999
19;3;4;0.9999900000999989
20;4;-3;0.9999900000999989
21;4;-1;0.3333322222259259
22;4;0;0.24999937500156252
23;3;-1;0.24999937500156252
24;4;0;0.24999937500156252
25;3;-1;0.24999937500156252
26;3;-1;0.24999937500156252
27;3;-3;0.16666638888935187
28;4;3;0.14285693877580175
29;4;3;0.14285693877580175
30;4;3;0.14285693877580175
31;3;-4;0.14285693877580175
32;3;-4;0.14285693877580175
33;3;-4;0.14285693877580175
34;4;4;0.12499984375019532
35;1;3;0.12499984375019532
36;4;4;0.12499984375019532
37;3;-5;0.12499984375019532
38;1;3;0.12499984375019532
39;4;5;0.11111098765445816
40;5;-4;0.11111098765445816
41;5;-4;0.11111098765445816
42;5;-4;0.11111098765445816
43;2;-2;0.0999999000001
44;5;-1;0.08333326388894677
45;1;-1;0.08333326388894677
46;1;-4;0.06666662222225185
47;5;3;0.06249996093752441
48;0;-4;0.06249996093752441
49;5;5;0.055555524691375174
;;;
0;4;-4;99999.99999999999
1;4;-4;99999.99999999999
2;3;3;99999.99999999999
3;4;-4;99999.99999999999
4;3;3;99999.99999999999
5;3;3;99999.99999999999
6;4;-4;99999.99999999999
7;4;-4;99999.99999999999
8;4;-4;99999.99999999999
9;3;3;99999.99999999999
10;4;-4;99999.99999999999
11;3;3;99999.99999999999
12;4;-4;99999.99999999999
13;3;3;99999.99999999999
14;3;3;99999.99999999999
15;4;-4;99999.99999999999
16;3;3;99999.99999999999
17;4;-4;99999.99999999999
18;4;-4;99999.99999999999
19;4;-4;99999.99999999999
20;3;3;99999.99999999999
21;4;-5;0.9999900000999989
22;4;-3;0.9999900000999989
23;3;1;0.49999750001249993
24;4;-2;0.49999750001249993
25;3;5;0.49999750001249993
26;4;0;0.24999937500156252
27;3;-1;0.24999937500156252
28;4;0;0.24999937500156252
29;4;0;0.24999937500156252
30;4;1;0.19999960000080003
31;1;5;0.16666638888935187
32;4;2;0.16666638888935187
33;4;2;0.16666638888935187
34;3;-3;0.16666638888935187
35;3;-4;0.14285693877580175
36;4;3;0.14285693877580175
37;0;5;0.14285693877580175
38;4;3;0.14285693877580175
39;3;-4;0.14285693877580175
40;4;3;0.14285693877580175
41;4;3;0.14285693877580175
42;0;3;0.11111098765445816
43;5;-4;0.11111098765445816
44;2;-1;0.11111098765445816
45;0;3;0.11111098765445816
46;2;-3;0.09090900826453795
47;1;0;0.09090900826453795
48;1;-1;0.08333326388894677
49;0;-3;0.06666662222225185
;;;
0;4;-4;99999.99999999999
1;4;-4;99999.99999999999
2;3;3;99999.99999999999
3;4;-4;99999.99999999999
4;3;3;99999.99999999999
5;4;-4;99999.99999999999
6;4;-4;99999.99999999999
7;3;3;99999.99999999999
8;4;-4;99999.99999999999
9;4;-4;99999.99999999999
10;3;3;99999.99999999999
11;4;-4;99999.99999999999
12;4;-4;99999.99999999999
13;4;-4;99999.99999999999
14;4;-4;99999.99999999999
15;3;3;99999.99999999999
16;3;3;99999.99999999999
17;4;-4;99999.99999999999
18;3;3;99999.99999999999
19;4;-4;99999.99999999999
20;3;3;99999.99999999999
21;4;-4;99999.99999999999
22;3;2;0.9999900000999989
23;4;-3;0.9999900000999989
24;4;-2;0.49999750001249993
25;4;-1;0.3333322222259259
26;3;0;0.3333322222259259
27;4;-1;0.3333322222259259
28;4;0;0.24999937500156252
29;4;0;0.24999937500156252
30;2;3;0.19999960000080003
31;2;3;0.19999960000080003
32;4;1;0.19999960000080003
33;2;3;0.19999960000080003
34;2;3;0.19999960000080003
35;3;-4;0.14285693877580175
36;3;-4;0.14285693877580175
37;4;3;0.14285693877580175
38;4;3;0.14285693877580175
39;3;-4;0.14285693877580175
40;4;3;0.14285693877580175
41;4;3;0.14285693877580175
42;5;-5;0.12499984375019532
43;4;5;0.11111098765445816
44;5;-4;0.11111098765445816
45;2;-4;0.08333326388894677
46;0;-2;0.0714285204081997
47;1;-4;0.06666662222225185
48;5;3;0.06249996093752441
49;0;-5;0.058823494809708936
;;;
0;4;-4;99999.99999999999
1;4;-4;99999.99999999999
2;3;3;99999.99999999999
3;4;-4;99999.99999999999
4;3;3;99999.99999999999
5;4;-4;99999.99999999999
6;4;-4;99999.99999999999
7;4;-4;99999.99999999999
8;4;-4;99999.99999999999
9;4;-4;99999.99999999999
10;4;-4;99999.99999999999
11;4;-4;99999.99999999999
12;4;-4;99999.99999999999
13;4;-4;99999.99999999999
14;3;3;99999.99999999999
15;4;-4;99999.99999999999
16;4;-4;99999.99999999999
17;4;-4;99999.99999999999
18;4;-4;99999.99999999999
19;4;-4;99999.99999999999
20;4;-3;0.9999900000999989
21;4;-3;0.9999900000999989
22;4;-2;0.49999750001249993
23;4;-1;0.3333322222259259
24;4;0;0.24999937500156252
25;4;1;0.19999960000080003
26;2;3;0.19999960000080003
27;2;3;0.19999960000080003
28;3;-4;0.14285693877580175
29;4;3;0.14285693877580175
30;3;-4;0.14285693877580175
31;4;3;0.14285693877580175
32;4;3;0.14285693877580175
33;4;3;0.14285693877580175
34;1;3;0.12499984375019532
35;4;4;0.12499984375019532
36;4;4;0.12499984375019532
37;2;0;0.12499984375019532
38;4;5;0.11111098765445816
39;5;-4;0.11111098765445816
40;4;5;0.11111098765445816
41;4;5;0.11111098765445816
42;0;1;0.09090900826453795
43;5;-1;0.08333326388894677
44;2;-4;0.08333326388894677
45;2;-4;0.08333326388894677
46;5;0;0.07692301775152481
47;5;3;0.06249996093752441
48;1;-5;0.06249996093752441
49;0;-4;0.06249996093752441
;;;
0;4;-4;99999.99999999999
1;4;-4;99999.99999999999
2;3;3;99999.99999999999
3;4;-4;99999.99999999999
4;3;3;99999.99999999999
5;3;3;99999.99999999999
6;4;-4;99999.99999999999
7;4;-4;99999.99999999999
8;4;-4;99999.99999999999
9;4;-4;99999.99999999999
10;4;-4;99999.99999999999
11;4;-4;99999.99999999999
12;4;-4;99999.99999999999
13;4;-4;99999.99999999999
14;4;-4;99999.99999999999
15;4;-4;99999.99999999999
16;4;-4;99999.99999999999
17;4;-4;99999.99999999999
18;4;-4;99999.99999999999
19;3;4;0.9999900000999989
20;4;-3;0.9999900000999989
21;3;4;0.9999900000999989
22;4;-3;0.9999900000999989
23;4;-5;0.9999900000999989
24;3;1;0.49999750001249993
25;4;-2;0.49999750001249993
26;4;-1;0.3333322222259259
27;4;1;0.19999960000080003
28;2;3;0.19999960000080003
29;3;-4;0.14285693877580175
30;4;3;0.14285693877580175
31;4;3;0.14285693877580175
32;4;3;0.14285693877580175
33;4;3;0.14285693877580175
34;4;3;0.14285693877580175
35;3;-4;0.14285693877580175
36;2;0;0.12499984375019532
37;3;-5;0.12499984375019532
38;4;4;0.12499984375019532
39;3;-5;0.12499984375019532
40;0;3;0.11111098765445816
41;4;5;0.11111098765445816
42;0;3;0.11111098765445816
43;1;1;0.0999999000001
44;5;-3;0.0999999000001
45;2;-4;0.08333326388894677
46;1;-4;0.06666662222225185
47;5;3;0.06249996093752441
48;0;-4;0.06249996093752441
49;5;5;0.055555524691375174
;;;
0;4;-4;99999.99999999999
1;4;-4;99999.99999999999
2;3;3;99999.99999999999
3;4;-4;99999.99999999999
4;3;3;99999.99999999999
5;3;3;99999.99999999999
6;4;-4;99999.99999999999
7;4;-4;99999.99999999999
8;3;3;99999.99999999999
9;4;-4;99999.99999999999
10;4;-4;99999.99999999999
11;4;-4;99999.99999999999
12;4;-4;99999.99999999999
13;4;-4;99999.99999999999
14;4;-4;99999.99999999999
15;4;-4;99999.99999999999
16;4;-4;99999.99999999999
17;4;-4;99999.99999999999
18;4;-4;99999.99999999999
19;4;-4;99999.99999999999
20;3;3;99999.99999999999
21;4;-4;99999.99999999999
22;3;2;0.9999900000999989
23;4;-5;0.9999900000999989
24;4;-3;0.9999900000999989
25;4;-5;0.9999900000999989
26;4;-2;0.49999750001249993
27;4;-2;0.49999750001249993
28;2;5;0.3333322222259259
29;4;0;0.24999937500156252
30;4;0;0.24999937500156252
31;4;1;0.19999960000080003
32;4;1;0.19999960000080003
33;3;-4;0.14285693877580175
34;4;3;0.14285693877580175
35;3;-4;0.14285693877580175
36;4;3;0.14285693877580175
37;3;-5;0.12499984375019532
38;4;4;0.12499984375019532
39;5;-4;0.11111098765445816
40;5;-4;0.11111098765445816
41;4;5;0.11111098765445816
42;0;3;0.11111098765445816
43;2;-1;0.11111098765445816
44;5;0;0.07692301775152481
45;0;-2;0.0714285204081997
46;1;-4;0.06666662222225185
47;1;-4;0.06666662222225185
48;5;4;0.058823494809708936
49;5;4;0.058823494809708936
;;;
0;4;-4;99999.99999999999
1;4;-4;99999.99999999999
2;3;3;99999.99999999999
3;4;-4;99999.99999999999
4;3;3;99999.99999999999
5;4;-4;99999.99999999999
6;4;-4;99999.99999999999
7;4;-4;99999.99999999999
8;4;-4;99999.99999999999
9;3;3;99999.99999999999
10;4;-4;99999.99999999999
11;4;-4;99999.99999999999
12;3;3;99999.99999999999
13;4;-4;99999.99999999999
14;4;-4;99999.99999999999
15;4;-4;99999.99999999999
16;3;3;99999.99999999999
17;3;3;99999.99999999999
18;3;3;99999.99999999999
19;4;-4;99999.99999999999
20;3;3;99999.99999999999
21;4;-4;99999.99999999999
22;4;-4;99999.99999999999
23;4;-3;0.9999900000999989
24;4;-5;0.9999900000999989
25;3;4;0.9999900000999989
26;4;-2;0.49999750001249993
27;4;-2;0.49999750001249993
28;4;-1;0.3333322222259259
29;3;0;0.3333322222259259
30;4;0;0.24999937500156252
31;4;0;0.24999937500156252
32;3;-2;0.19999960000080003
33;2;3;0.19999960000080003
34;3;-4;0.14285693877580175
35;4;3;0.14285693877580175
36;0;4;0.12499984375019532
37;5;-5;0.12499984375019532
38;5;-5;0.12499984375019532
39;1;3;0.12499984375019532
40;2;-5;0.07692301775152481
41;0;-2;0.0714285204081997
42;5;1;0.0714285204081997
43;5;2;0.06666662222225185
44;1;-4;0.06666662222225185
45;1;-4;0.06666662222225185
46;1;-4;0.06666662222225185
47;1;-5;0.06249996093752441
48;0;-5;0.058823494809708936
49;5;5;0.055555524691375174
;;;
0;4;-4;99999.99999999999
1;4;-4;99999.99999999999
2;3;3;99999.99999999999
3;4;-4;99999.99999999999
4;3;3;99999.99999999999
5;4;-4;99999.99999999999
6;3;3;99999.99999999999
7;4;-4;99999.99999999999
8;4;-4;99999.99999999999
9;3;3;99999.99999999999
10;4;-4;99999.99999999999
11;4;-4;99999.99999999999
12;4;-4;99999.99999999999
13;4;-4;99999.99999999999
14;3;3;99999.99999999999
15;4;-3;0.9999900000999989
16;4;-5;0.9999900000999989
17;4;-5;0.9999900000999989
18;3;1;0.49999750001249993
19;3;0;0.3333322222259259
20;4;0;0.24999937500156252
21;3;-1;0.24999937500156252
22;2;3;0.19999960000080003
23;3;-2;0.19999960000080003
24;3;-2;0.19999960000080003
25;4;1;0.19999960000080003
26;4;1;0.19999960000080003
27;3;-4;0.14285693877580175
28;1;4;0.14285693877580175
29;3;-4;0.14285693877580175
30;4;3;0.14285693877580175
31;4;3;0.14285693877580175
32;4;3;0.14285693877580175
33;4;3;0.14285693877580175
34;4;3;0.14285693877580175
35;3;-4;0.14285693877580175
36;4;3;0.14285693877580175
37;4;3;0.14285693877580175
38;4;3;0.14285693877580175
39;4;3;0.14285693877580175
40;2;0;0.12499984375019532
41;3;-5;0.12499984375019532
42;3;-5;0.12499984375019532
43;4;5;0.11111098765445816
44;0;3;0.11111098765445816
45;2;-4;0.08333326388894677
46;0;-2;0.0714285204081997
47;5;1;0.0714285204081997
48;1;-4;0.06666662222225185
49;0;-4;0.06249996093752441
;;;
0;4;-4;99999.99999999999
1;4;-4;99999.99999999999
2;3;3;99999.99999999999
3;4;-4;99999.99999999999
4;3;3;99999.99999999999
5;4;-4;99999.99999999999
6;3;3;99999.99999999999
7;3;3;99999.99999999999
8;4;-4;99999.99999999999
9;3;3;99999.99999999999
10;3;3;99999.99999999999
11;3;3;99999.99999999999
12;4;-4;99999.99999999999
13;4;-4;99999.99999999999
14;4;-3;0.9999900000999989
15;4;-5;0.9999900000999989
16;4;-5;0.9999900000999989
17;4;-3;0.9999900000999989
18;4;-5;0.9999900000999989
19;4;-3;0.9999900000999989
20;3;5;0.49999750001249993
21;3;1;0.49999750001249993
22;4;-2;0.49999750001249993
23;4;-1;0.3333322222259259
24;4;-1;0.3333322222259259
25;4;0;0.24999937500156252
26;4;1;0.19999960000080003
27;3;-2;0.19999960000080003
28;2;3;0.19999960000080003
29;2;3;0.19999960000080003
30;4;3;0.14285693877580175
31;3;-4;0.14285693877580175
32;3;-4;0.14285693877580175
33;3;-4;0.14285693877580175
34;3;-4;0.14285693877580175
35;3;-4;0.14285693877580175
36;3;-4;0.14285693877580175
37;4;3;0.14285693877580175
38;1;3;0.12499984375019532
39;2;0;0.12499984375019532
40;5;-4;0.11111098765445816
41;4;5;0.11111098765445816
42;4;5;0.11111098765445816
43;2;-4;0.08333326388894677
44;2;-5;0.07692301775152481
45;5;0;0.07692301775152481
46;0;-4;0.06249996093752441
47;5;3;0.06249996093752441
48;5;3;0.06249996093752441
49;5;5;0.055555524691375174
;;;
0;4;-4;99999.99999999999
1;4;-4;99999.99999999999
2;3;3;99999.99999999999
3;4;-4;99999.99999999999
4;3;3;99999.99999999999
5;4;-4;99999.99999999999
6;3;3;99999.99999999999
7;4;-4;99999.99999999999
8;3;3;99999.99999999999
9;3;3;99999.99999999999
10;4;-4;99999.99999999999
11;3;3;99999.99999999999
12;4;-4;99999.99999999999
13;3;3;99999.99999999999
14;3;3;99999.99999999999
15;4;-3;0.9999900000999989
16;4;-5;0.9999900000999989
17;4;-5;0.9999900000999989
18;4;-3;0.9999900000999989
19;4;-5;0.9999900000999989
20;3;5;0.49999750001249993
21;3;5;0.49999750001249993
22;4;0;0.24999937500156252
23;4;1;0.19999960000080003
24;4;1;0.19999960000080003
25;3;-4;0.14285693877580175
26;4;3;0.14285693877580175
27;4;3;0.14285693877580175
28;3;-4;0.14285693877580175
29;1;4;0.14285693877580175
30;3;-4;0.14285693877580175
31;4;3;0.14285693877580175
32;3;-5;0.12499984375019532
33;1;3;0.12499984375019532
34;5;-5;0.12499984375019532
35;4;5;0.11111098765445816
36;5;-4;0.11111098765445816
37;4;5;0.11111098765445816
38;0;3;0.11111098765445816
39;2;-3;0.09090900826453795
40;5;-2;0.09090900826453795
41;2;-4;0.08333326388894677
42;0;0;0.08333326388894677
43;5;1;0.0714285204081997
44;5;1;0.0714285204081997
45;1;-4;0.06666662222225185
46;0;-3;0.06666662222225185
47;1;-4;0.06666662222225185
48;0;-4;0.06249996093752441
49;5;3;0.06249996093752441
;;;
0;4;-4;99999.99999999999
1;4;-4;99999.99999999999
2;3;3;99999.99999999999
3;4;-4;99999.99999999999
4;3;3;99999.99999999999
5;3;3;99999.99999999999
6;4;-4;99999.99999999999
7;3;3;99999.99999999999
8;4;-4;99999.99999999999
9;3;3;99999.99999999999
10;4;-4;99999.99999999999
11;3;3;99999.99999999999
12;3;3;99999.99999999999
13;3;3;99999.99999999999
14;3;3;99999.99999999999
15;3;3;99999.99999999999
16;3;3;99999.99999999999
17;4;-3;0.9999900000999989
18;4;-5;0.9999900000999989
19;4;-3;0.9999900000999989
20;4;-5;0.9999900000999989
21;4;-2;0.49999750001249993
22;4;-2;0.49999750001249993
23;4;-2;0.49999750001249993
24;3;0;0.3333322222259259
25;4;0;0.24999937500156252
26;4;1;0.19999960000080003
27;2;3;0.19999960000080003
28;4;1;0.19999960000080003
29;2;2;0.16666638888935187
30;3;-3;0.16666638888935187
31;1;5;0.16666638888935187
32;4;3;0.14285693877580175
33;4;3;0.14285693877580175
34;3;-4;0.14285693877580175
35;4;3;0.14285693877580175
36;0;5;0.14285693877580175
37;3;-4;0.14285693877580175
38;4;3;0.14285693877580175
39;3;-4;0.14285693877580175
40;1;3;0.12499984375019532
41;1;3;0.12499984375019532
42;4;5;0.11111098765445816
43;1;0;0.09090900826453795
44;1;0;0.09090900826453795
45;2;-4;0.08333326388894677
46;2;-4;0.08333326388894677
47;2;-5;0.07692301775152481
48;1;-4;0.06666662222225185
49;5;3;0.06249996093752441
;;;
0;4;-4;99999.99999999999
1;4;-4;99999.99999999999
2;3;3;99999.99999999999
3;4;-4;99999.99999999999
4;3;3;99999.99999999999
5;4;-4;99999.99999999999
6;4;-4;99999.99999999999
7;4;-4;99999.99999999999
8;3;3;99999.99999999999
9;3;3;99999.99999999999
10;3;3;99999.99999999999
11;3;3;99999.99999999999
12;3;3;99999.99999999999
13;4;-4;99999.99999999999
14;3;3;99999.99999999999
15;3;3;99999.99999999999
16;4;-4;99999.99999999999
17;3;3;99999.99999999999
18;4;-4;99999.99999999999
19;3;3;99999.99999999999
20;3;3;99999.99999999999
21;4;-4;99999.99999999999
22;4;-4;99999.99999999999
23;4;-4;99999.99999999999
24;3;3;99999.99999999999
25;4;-5;0.9999900000999989
26;4;-5;0.9999900000999989
27;3;1;0.49999750001249993
28;3;5;0.49999750001249993
29;4;-2;0.49999750001249993
30;2;5;0.3333322222259259
31;2;5;0.3333322222259259
32;3;-1;0.24999937500156252
33;4;0;0.24999937500156252
34;4;0;0.24999937500156252
35;4;1;0.19999960000080003
36;4;1;0.19999960000080003
37;4;2;0.16666638888935187
38;4;2;0.16666638888935187
39;4;2;0.16666638888935187
40;4;3;0.14285693877580175
41;4;3;0.14285693877580175
42;3;-4;0.14285693877580175
43;2;1;0.14285693877580175
44;4;3;0.14285693877580175
45;4;4;0.12499984375019532
46;0;3;0.11111098765445816
47;2;-2;0.0999999000001
48;1;0;0.09090900826453795
49;2;-4;0.08333326388894677
;;;
0;4;-4;99999.99999999999
1;4;-4;99999.99999999999
2;3;3;99999.99999999999
3;4;-4;99999.99999999999
4;3;3;99999.99999999999
5;4;-4;99999.99999999999
6;4;-4;99999.99999999999
7;3;3;99999.99999999999
8;3;3;99999.99999999999
9;4;-4;99999.99999999999
10;3;3;99999.99999999999
11;4;-4;99999.99999999999
12;4;-4;99999.99999999999
13;3;3;99999.99999999999
14;4;-4;99999.99999999999
15;4;-4;99999.99999999999
16;3;3;99999.99999999999
17;4;-5;0.9999900000999989
18;4;-3;0.9999900000999989
19;4;-5;0.9999900000999989
20;4;-5;0.9999900000999989
21;3;0;0.3333322222259259
22;4;-1;0.3333322222259259
23;4;0;0.24999937500156252
24;4;0;0.24999937500156252
25;4;2;0.16666638888935187
26;4;2;0.16666638888935187
27;4;3;0.14285693877580175
28;3;-4;0.14285693877580175
29;4;3;0.14285693877580175
30;4;3;0.14285693877580175
31;1;3;0.12499984375019532
32;1;3;0.12499984375019532
33;4;4;0.12499984375019532
34;3;-5;0.12499984375019532
35;5;-4;0.11111098765445816
36;4;5;0.11111098765445816
37;4;5;0.11111098765445816
38;4;5;0.11111098765445816
39;4;5;0.11111098765445816
40;2;-3;0.09090900826453795
41;5;-2;0.09090900826453795
42;0;0;0.08333326388894677
43;5;2;0.06666662222225185
44;1;-4;0.06666662222225185
45;5;3;0.06249996093752441
46;5;3;0.06249996093752441
47;0;-4;0.06249996093752441
48;0;-5;0.058823494809708936
49;0;-5;0.058823494809708936
;;;
0;4;-4;99999.99999999999
1;4;-4;99999.99999999999
2;3;3;99999.99999999999
3;4;-4;99999.99999999999
4;3;3;99999.99999999999
5;4;-4;99999.99999999999
6;4;-4;99999.99999999999
7;3;3;99999.99999999999
8;3;3;99999.99999999999
9;4;-4;99999.99999999999
10;3;3;99999.99999999999
11;4;-4;99999.99999999999
12;3;3;99999.99999999999
13;4;-4;99999.99999999999
14;4;-4;99999.99999999999
15;3;3;99999.99999999999
16;3;3;99999.99999999999
17;4;-4;99999.99999999999
18;4;-4;99999.99999999999
19;3;3;99999.99999999999
20;3;2;0.9999900000999989
21;3;0;0.3333322222259259
22;4;-1;0.3333322222259259
23;3;0;0.3333322222259259
24;4;-1;0.3333322222259259
25;2;3;0.19999960000080003
26;4;1;0.19999960000080003
27;1;5;0.16666638888935187
28;4;2;0.16666638888935187
29;4;3;0.14285693877580175
30;4;3;0.14285693877580175
31;3;-4;0.14285693877580175
32;4;3;0.14285693877580175
33;4;3;0.14285693877580175
34;3;-4;0.14285693877580175
35;3;-4;0.14285693877580175
36;3;-4;0.14285693877580175
37;3;-4;0.14285693877580175
38;4;4;0.12499984375019532
39;2;0;0.12499984375019532
40;1;2;0.11111098765445816
41;0;3;0.11111098765445816
42;5;-4;0.11111098765445816
43;1;2;0.11111098765445816
44;1;0;0.09090900826453795
45;0;-1;0.07692301775152481
46;2;-5;0.07692301775152481
47;5;3;0.06249996093752441
48;1;-5;0.06249996093752441
49;0;-4;0.06249996093752441
;;;
0;4;-4;99999.99999999999
1;4;-4;99999.99999999999
2;3;3;99999.99999999999
3;4;-4;99999.99999999999
4;3;3;99999.99999999999
5;3;3;99999.99999999999
6;4;-4;99999.99999999999
7;4;-4;99999.99999999999
8;3;3;99999.99999999999
9;4;-4;99999.99999999999
10;4;-4;99999.99999999999
11;4;-4;99999.99999999999
12;3;3;99999.99999999999
13;4;-4;99999.99999999999
14;4;-4;99999.99999999999
15;3;3;99999.99999999999
16;4;-5;0.9999900000999989
17;3;2;0.9999900000999989
18;3;-1;0.24999937500156252
19;4;1;0.19999960000080003
20;4;1;0.19999960000080003
21;4;2;0.16666638888935187
22;4;2;0.16666638888935187
23;3;-3;0.16666638888935187
24;3;-4;0.14285693877580175
25;3;-4;0.14285693877580175
26;3;-4;0.14285693877580175
27;3;-4;0.14285693877580175
28;4;3;0.14285693877580175
29;3;-4;0.14285693877580175
30;3;-4;0.14285693877580175
31;3;-4;0.14285693877580175
32;4;3;0.14285693877580175
33;4;3;0.14285693877580175
34;4;3;0.14285693877580175
35;4;4;0.12499984375019532
36;2;-1;0.11111098765445816
37;4;5;0.11111098765445816
38;4;5;0.11111098765445816
39;0;3;0.11111098765445816
40;2;-2;0.0999999000001
41;0;1;0.09090900826453795
42;2;-4;0.08333326388894677
43;2;-4;0.08333326388894677
44;1;-4;0.06666662222225185
45;1;-4;0.06666662222225185
46;5;3;0.06249996093752441
47;0;-4;0.06249996093752441
48;5;3;0.06249996093752441
49;0;-5;0.058823494809708936
;;;
0;4;-4;99999.99999999999
1;4;-4;99999.99999999999
2;3;3;99999.99999999999
3;4;-4;99999.99999999999
4;3;3;99999.99999999999
5;3;3;99999.99999999999
6;3;3;99999.99999999999
7;3;3;99999.99999999999
8;4;-4;99999.99999999999
9;3;3;99999.99999999999
10;3;3;99999.99999999999
11;3;3;99999.99999999999
12;4;-4;99999.99999999999
13;3;3;99999.99999999999
14;4;-4;99999.99999999999
15;3;3;99999.99999999999
16;4;-4;99999.99999999999
17;4;-4;99999.99999999999
18;4;-4;99999.99999999999
19;4;-4;99999.99999999999
20;4;-4;99999.99999999999
21;4;-4;99999.99999999999
22;4;-4;99999.99999999999
23;4;-4;99999.99999999999
24;3;2;0.9999900000999989
25;3;5;0.49999750001249993
26;3;1;0.49999750001249993
27;4;-1;0.3333322222259259
28;2;4;0.24999937500156252
29;4;0;0.24999937500156252
30;3;-1;0.24999937500156252
31;4;0;0.24999937500156252
32;2;3;0.19999960000080003
33;4;1;0.19999960000080003
34;2;3;0.19999960000080003
35;4;1;0.19999960000080003
36;4;2;0.16666638888935187
37;3;-3;0.16666638888935187
38;3;-4;0.14285693877580175
39;4;3;0.14285693877580175
40;0;5;0.14285693877580175
41;3;-4;0.14285693877580175
42;3;-5;0.12499984375019532
43;4;5;0.11111098765445816
44;5;-4;0.11111098765445816
45;5;-2;0.09090900826453795
46;1;-4;0.06666662222225185
47;5;2;0.06666662222225185
48;0;-4;0.06249996093752441
49;0;-4;0.06249996093752441
;;;
0;4;-4;99999.99999999999
1;4;-4;99999.99999999999
2;3;3;99999.99999999999
3;4;-4;99999.99999999999
4;3;3;99999.99999999999
5;3;3;99999.99999999999
6;3;3;99999.99999999999
7;4;-4;99999.99999999999
8;3;3;99999.99999999999
9;3;3;99999.99999999999
10;3;3;99999.99999999999
11;4;-4;99999.99999999999
12;3;3;99999.99999999999
13;4;-4;99999.99999999999
14;3;3;99999.99999999999
15;3;3;99999.99999999999
16;3;3;99999.99999999999
17;3;3;99999.99999999999
18;3;3;99999.99999999999
19;3;3;99999.99999999999
20;3;2;0.9999900000999989
21;3;2;0.9999900000999989
22;3;1;0.49999750001249993
23;4;-2;0.49999750001249993
24;3;0;0.3333322222259259
25;2;5;0.3333322222259259
26;2;4;0.24999937500156252
27;2;4;0.24999937500156252
28;4;2;0.16666638888935187
29;3;-3;0.16666638888935187
30;3;-4;0.14285693877580175
31;4;3;0.14285693877580175
32;4;3;0.14285693877580175
33;3;-4;0.14285693877580175
34;3;-4;0.14285693877580175
35;3;-4;0.14285693877580175
36;4;3;0.14285693877580175
37;1;3;0.12499984375019532
38;1;3;0.12499984375019532
39;4;4;0.12499984375019532
40;4;4;0.12499984375019532
41;4;4;0.12499984375019532
42;2;-1;0.11111098765445816
43;0;3;0.11111098765445816
44;4;5;0.11111098765445816
45;5;2;0.06666662222225185
46;0;-4;0.06249996093752441
47;5;3;0.06249996093752441
48;0;-4;0.06249996093752441
49;0;-5;0.058823494809708936
;;;
